2,1,3.0
2,6,4.0
2,7,4.0
2,8,5.0
10,4,4.900000095367432
10,6,4.900000095367432
10,40,3.799999952316284
10,21,3.700000047683716
10,22,4.0
10,45,3.0
10,49,2.4000000953674316
10,5,3.4000000953674316
10,8,3.5
10,9,3.700000047683716
10,11,3.0999999046325684
11,2,4.0
11,24,1.5
11,3,4.199999809265137
11,1,2.700000047683716
11,20,3.4000000953674316
11,18,2.9000000953674316
11,17,4.0
11,10,3.4000000953674316
11,6,2.0
11,9,3.4000000953674316
11,32,3.5
11,38,3.5999999046325684
11,31,4.300000190734863
11,45,4.300000190734863
11,50,4.199999809265137
12,3,4.300000190734863
12,7,2.700000047683716
12,10,5.0
12,12,2.799999952316284
12,14,2.5
12,16,4.400000095367432
12,18,3.200000047683716
12,20,3.299999952316284
12,22,3.700000047683716
12,24,3.9000000953674316
12,26,3.200000047683716
12,28,3.0999999046325684
12,30,3.0
12,32,3.5
12,34,3.799999952316284
13,33,0.5
13,35,2.4000000953674316
13,37,2.200000047683716
13,39,4.099999904632568
13,41,4.900000095367432
13,43,4.699999809265137
13,45,4.400000095367432
13,47,4.199999809265137
13,49,3.4000000953674316
13,1,2.799999952316284
13,3,4.800000190734863
13,5,1.7999999523162842
13,7,2.799999952316284
13,9,4.0
13,31,2.700000047683716
14,40,2.700000047683716
14,48,2.9000000953674316
14,42,4.0
14,46,3.799999952316284
14,44,3.200000047683716
14,41,4.0
14,43,1.2999999523162842
14,45,1.2000000476837158
14,47,4.5
14,49,4.400000095367432
14,31,4.400000095367432
14,33,3.0
14,35,2.700000047683716
14,37,3.5999999046325684
14,39,0.30000001192092896
15,12,4.199999809265137
15,14,0.5
15,16,4.0
15,18,2.700000047683716
15,20,3.5
15,22,3.799999952316284
15,24,4.099999904632568
15,26,4.800000190734863
15,28,4.5
15,30,3.5
15,32,4.300000190734863
15,34,0.30000001192092896
15,36,1.2999999523162842
15,38,2.299999952316284
15,40,3.299999952316284
16,10,4.599999904632568
16,12,3.5999999046325684
16,16,2.5999999046325684
16,14,1.600000023841858
16,20,0.6000000238418579
16,22,4.400000095367432
16,24,4.0
16,21,4.599999904632568
16,8,3.4000000953674316
16,31,0.6000000238418579
16,33,3.5
16,11,4.199999809265137
16,13,4.099999904632568
16,15,4.900000095367432
16,17,5.0
17,21,5.0
17,31,4.0
17,37,3.0
17,47,2.0
17,43,1.0
17,41,4.400000095367432
17,12,4.199999809265137
17,13,3.799999952316284
17,15,3.4000000953674316
17,17,3.200000047683716
18,29,3.200000047683716
18,41,4.199999809265137
18,45,2.200000047683716
18,23,1.2000000476837158
18,32,0.20000000298023224
18,40,3.4000000953674316
18,43,4.400000095367432
18,21,4.199999809265137
18,20,4.599999904632568
18,11,4.0
19,11,4.0
19,21,4.099999904632568
19,31,4.199999809265137
19,41,4.300000190734863
19,1,4.400000095367432
19,12,4.0
19,22,3.0
19,32,2.0
19,42,1.0
19,9,3.200000047683716
20,10,4.900000095367432
20,15,4.0
20,20,4.199999809265137
20,25,4.099999904632568
20,30,4.300000190734863
20,35,4.400000095367432
20,40,4.5
20,45,4.800000190734863
20,50,4.699999809265137
20,1,4.900000095367432
21,1,4.199999809265137
21,11,3.200000047683716
21,16,2.200000047683716
21,17,1.2000000476837158
21,21,0.20000000298023224
21,31,4.199999809265137
21,41,4.400000095367432
21,13,4.599999904632568
22,23,3.5999999046325684
22,33,2.5999999046325684
22,43,1.600000023841858
22,3,0.6000000238418579
22,35,4.599999904632568
22,46,4.599999904632568
22,48,4.5
22,13,4.599999904632568
23,42,4.599999904632568
23,32,4.900000095367432
23,22,4.5
23,12,4.599999904632568
23,10,1.600000023841858
23,8,2.200000047683716
23,6,3.5999999046325684
23,4,4.800000190734863
24,6,1.7999999523162842
24,1,2.799999952316284
24,50,3.799999952316284
24,45,4.800000190734863
24,35,1.399999976158142
24,25,3.4000000953674316
24,15,2.9000000953674316
24,5,5.0
25,36,2.200000047683716
25,35,5.0
25,42,0.4000000059604645
25,40,1.600000023841858
25,1,3.700000047683716
25,2,2.4000000953674316
25,4,4.400000095367432
26,14,3.4000000953674316
26,24,4.699999809265137
26,34,2.700000047683716
27,29,1.7000000476837158
27,39,3.700000047683716
27,21,4.699999809265137
27,14,0.699999988079071
28,30,2.700000047683716
28,32,3.700000047683716
28,34,4.199999809265137
28,46,3.200000047683716
29,11,2.200000047683716
29,9,3.5
30,32,4.099999904632568
30,46,3.4000000953674316
35,1,5.0
35,2,4.0
35,3,4.300000190734863
35,4,4.400000095367432
35,5,2.0
35,6,3.0
35,7,2.299999952316284
35,8,2.5
35,9,4.760000228881836
35,10,3.2300000190734863
35,11,1.0
35,12,3.700000047683716
35,13,4.019999980926514
35,14,4.550000190734863
35,15,3.0199999809265137
35,16,3.119999885559082
36,2,4.0
36,3,4.300000190734863
36,4,4.400000095367432
36,35,2.0
36,40,3.0
36,23,2.299999952316284
36,8,2.5
36,12,4.760000228881836
36,46,3.2300000190734863
36,12,1.0
36,5,3.700000047683716
36,33,4.019999980926514
36,22,4.550000190734863
36,31,3.0199999809265137
36,47,3.119999885559082
37,17,1.2000000476837158
37,18,2.299999952316284
37,19,2.5
37,20,3.690000057220459
37,21,3.440000057220459
37,22,3.559999942779541
37,23,3.9800000190734863
37,24,4.239999771118164
37,25,4.760000228881836
37,26,3.2300000190734863
37,27,1.0800000429153442
37,28,3.7799999713897705
37,29,4.019999980926514
37,30,4.550000190734863
37,31,3.0199999809265137
37,32,3.119999885559082
38,33,1.2000000476837158
38,34,4.300000190734863
38,35,3.5
38,36,4.690000057220459
38,37,4.440000057220459
38,38,4.329999923706055
38,39,1.9800000190734863
38,40,2.240000009536743
38,41,4.760000228881836
38,42,3.119999885559082
38,43,3.0799999237060547
38,44,4.78000020980835
38,45,2.0199999809265137
38,46,4.550000190734863
38,47,3.0199999809265137
38,48,1.1200000047683716
39,49,1.2000000476837158
39,50,4.300000190734863
39,27,3.5
39,29,4.690000057220459
39,32,4.440000057220459
39,33,4.329999923706055
39,34,1.9800000190734863
39,48,2.240000009536743
39,47,4.760000228881836
39,49,3.119999885559082
39,42,3.0799999237060547
39,41,4.78000020980835
39,45,2.0199999809265137
39,28,4.550000190734863
39,27,3.0199999809265137
39,33,1.1200000047683716
40,12,1.559999942779541
40,10,4.440000057220459
40,9,3.549999952316284
40,7,4.460000038146973
40,8,4.78000020980835
40,3,4.889999866485596
40,32,1.1200000047683716
40,48,2.130000114440918
40,47,4.119999885559082
40,6,4.119999885559082
40,13,4.079999923706055
40,21,4.559999942779541
40,33,4.559999942779541
40,20,4.579999923706055
40,10,2.0199999809265137
40,40,1.1200000047683716
41,12,1.559999942779541
41,10,4.440000057220459
41,9,3.549999952316284
41,7,4.460000038146973
41,8,4.550000190734863
41,3,2.319999933242798
41,32,2.119999885559082
41,48,3.130000114440918
41,47,1.1200000047683716
41,6,4.559999942779541
41,13,4.480000019073486
41,21,4.760000228881836
41,33,4.559999942779541
41,20,4.579999923706055
41,10,2.0199999809265137
41,40,1.1200000047683716
42,12,1.559999942779541
42,10,4.440000057220459
42,9,3.549999952316284
42,7,4.460000038146973
42,8,4.550000190734863
42,3,2.319999933242798
42,32,2.119999885559082
42,48,3.130000114440918
42,47,1.1200000047683716
42,6,4.559999942779541
42,13,4.480000019073486
42,21,4.760000228881836
42,33,4.559999942779541
42,20,4.579999923706055
42,10,2.0199999809265137
42,40,1.1200000047683716
43,9,2.559999942779541
43,7,1.440000057220459
43,6,3.549999952316284
43,2,4.460000038146973
43,3,4.550000190734863
43,1,4.320000171661377
43,5,2.119999885559082
43,4,3.130000114440918
43,15,1.1200000047683716
43,13,4.559999942779541
43,11,3.990000009536743
43,12,4.440000057220459
43,10,4.989999771118164
43,19,4.579999923706055
43,17,2.0199999809265137
43,16,1.1200000047683716
44,30,1.4500000476837158
44,33,2.6600000858306885
44,36,3.3299999237060547
44,37,4.440000057220459
44,38,3.119999885559082
44,44,3.1600000858306885
44,47,5.0
44,43,1.7799999713897705
44,50,3.4700000286102295
44,32,3.880000114440918
44,32,4.880000114440918
44,45,4.949999809265137
44,46,4.670000076293945
44,19,4.630000114440918
44,27,2.2100000381469727
44,6,1.1299999952316284
45,1,1.4500000476837158
45,13,2.6600000858306885
45,26,3.3299999237060547
45,47,4.440000057220459
45,28,3.119999885559082
45,15,3.1600000858306885
45,23,5.0
45,45,1.7799999713897705
45,47,3.4700000286102295
45,49,3.880000114440918
45,50,4.880000114440918
45,32,4.949999809265137
45,22,4.670000076293945
45,12,4.630000114440918
45,11,2.2100000381469727
45,6,1.1299999952316284
46,30,2.450000047683716
46,33,3.6600000858306885
46,36,4.329999923706055
46,37,4.440000057220459
46,38,1.1200000047683716
46,44,2.1600000858306885
46,47,4.0
46,43,3.7799999713897705
46,50,1.4700000286102295
46,32,2.880000114440918
46,32,3.880000114440918
46,45,4.949999809265137
46,46,1.6699999570846558
46,19,3.630000114440918
46,27,2.2100000381469727
46,6,1.1299999952316284
47,21,1.4500000476837158
47,22,2.6600000858306885
47,23,3.3299999237060547
47,24,4.440000057220459
47,25,3.119999885559082
47,26,3.1600000858306885
47,33,5.0
47,34,1.7799999713897705
47,35,3.4700000286102295
47,36,3.880000114440918
47,37,4.880000114440918
47,45,4.949999809265137
47,36,4.670000076293945
47,39,4.630000114440918
47,10,2.2100000381469727
47,16,1.1299999952316284
48,19,1.8799999952316284
48,18,2.990000009536743
48,17,3.549999952316284
48,16,4.119999885559082
48,15,3.259999990463257
48,14,3.2300000190734863
48,13,5.0
48,5,1.8799999952316284
48,4,3.450000047683716
48,3,3.6500000953674316
48,2,4.420000076293945
48,1,4.21999979019165
48,26,4.170000076293945
48,36,4.329999923706055
48,46,2.559999942779541
48,6,1.149999976158142
49,19,1.8799999952316284
49,18,2.990000009536743
49,17,3.549999952316284
49,16,4.119999885559082
49,15,3.259999990463257
49,14,3.2300000190734863
49,13,5.0
49,5,1.8799999952316284
49,4,3.450000047683716
49,3,3.6500000953674316
49,2,4.420000076293945
49,1,4.21999979019165
49,26,4.170000076293945
49,36,4.329999923706055
49,46,2.559999942779541
49,6,1.149999976158142
50,21,3.6600000858306885
50,22,4.119999885559082
50,11,2.359999895095825
50,12,4.590000152587891
50,1,1.1200000047683716
50,2,2.1600000858306885
50,31,5.0
50,32,2.7899999618530273
50,41,2.4200000762939453
50,42,3.880000114440918
50,43,4.380000114440918
50,44,4.150000095367432
50,49,4.269999980926514
50,21,4.53000020980835
50,11,2.509999990463257
50,26,1.1299999952316284
31,11,3.6600000858306885
31,12,4.119999885559082
31,21,2.359999895095825
31,2,4.590000152587891
31,1,1.1200000047683716
31,3,2.1600000858306885
31,4,5.0
31,5,2.7899999618530273
31,6,2.4200000762939453
31,7,3.880000114440918
31,8,4.380000114440918
31,9,4.150000095367432
31,40,4.269999980926514
31,31,4.53000020980835
31,32,2.509999990463257
31,33,1.1299999952316284
32,11,3.6600000858306885
32,12,4.119999885559082
32,11,2.359999895095825
32,12,4.590000152587891
32,1,1.1200000047683716
32,2,2.1600000858306885
32,21,5.0
32,32,2.7899999618530273
32,45,2.4200000762939453
32,40,3.880000114440918
33,36,3.6600000858306885
33,32,4.119999885559082
33,21,2.359999895095825
33,12,4.590000152587891
33,26,1.1200000047683716
33,28,2.1600000858306885
33,1,5.0
33,2,2.7899999618530273
34,21,4.21999979019165
34,22,4.329999923706055
34,11,1.3600000143051147
34,12,2.5899999141693115
34,1,3.119999885559082
34,2,4.159999847412109
34,31,5.0
2,9,0.0
2,9,1.0
2,2,4.0
3,1,2.0
3,2,4.0
3,5,4.0
2,1,0.5600000023841858
2,9,4.090000152587891
2,5,3.569999933242798
2,8,2.1600000858306885
2,5,3.0199999809265137
2,2,4.739999771118164
2,3,2.9200000762939453
4,7,1.850000023841858
4,2,3.319999933242798
4,3,3.059999942779541
4,1,5.0
4,9,2.680000066757202
4,4,4.159999847412109
4,8,2.0799999237060547
4,6,5.0
4,4,3.880000114440918
4,1,4.710000038146973
4,3,3.75
4,9,5.0
5,9,3.9200000762939453
5,6,5.0
5,7,1.4600000381469727
5,9,3.640000104904175
5,3,3.569999933242798
